    design   truth     n      A  meanC gap_se     HL     EF    EFx   gain    Stk
    <char>  <char> <num>  <num>  <num>  <num>  <num>  <num>  <num>  <num>  <num>
 1:     D1 cloglog   200 -1.316 -1.364   -2.9 0.0485 0.0790 0.0715  0.030 0.1545
 2:     D1 cloglog   500 -1.316 -1.327   -1.1 0.1520 0.2335 0.2275  0.082 0.4430
 3:     D1 cloglog  1000 -1.316 -1.323   -1.0 0.4190 0.5135 0.5070  0.094 0.8000
 4:     D1 cloglog  2000 -1.316 -1.308    1.6 0.8650 0.9100 0.9075  0.045 0.9890
 5:     D1  loglog   200 -0.367 -0.368   -0.1 0.0800 0.0910 0.0900  0.011 0.1545
 6:     D1  loglog   500 -0.367 -0.385   -2.8 0.1795 0.1990 0.1990  0.020 0.3980
 7:     D1  loglog  1000 -0.367 -0.367    0.0 0.4195 0.4480 0.4455  0.029 0.7430
 8:     D1  loglog  2000 -0.367 -0.378   -3.4 0.8135 0.8260 0.8250  0.012 0.9715
 9:     D1  probit   200 -0.181 -0.197   -0.8 0.0465 0.0505 0.0480  0.004 0.0500
10:     D1  probit   500 -0.181 -0.195   -1.3 0.0445 0.0545 0.0550  0.010 0.0600
11:     D1  probit  1000 -0.181 -0.194   -1.9 0.0600 0.0660 0.0655  0.006 0.0725
12:     D1  probit  2000 -0.181 -0.187   -1.3 0.0740 0.0790 0.0785  0.005 0.0980
13:     D1    quad   200 -0.285 -0.294   -1.6 0.1665 0.1880 0.1875  0.021 0.3620
14:     D1    quad   500 -0.285 -0.288   -0.9 0.4710 0.4870 0.4920  0.016 0.7470
15:     D1    quad  1000 -0.285 -0.283    1.1 0.8360 0.8420 0.8410  0.006 0.9645
16:     D1    quad  2000 -0.285 -0.282    2.0 0.9960 0.9960 0.9960  0.000 1.0000
17:     D1   inter   200  0.003 -0.012   -1.6 0.0655 0.0650 0.0650 -0.001 0.0835
18:     D1   inter   500  0.003 -0.001   -0.8 0.0665 0.0705 0.0710  0.004 0.0950
19:     D1   inter  1000  0.003  0.001   -0.5 0.0895 0.0890 0.0890 -0.001 0.1420
20:     D1   inter  2000  0.003 -0.005   -3.4 0.1485 0.1480 0.1475 -0.001 0.2380
21:     D3 cloglog   200 -0.548 -0.573   -1.8 0.0470 0.0625 0.0585  0.016 0.0400
22:     D3 cloglog   500 -0.548 -0.538    1.1 0.0920 0.1115 0.1105  0.020 0.0895
23:     D3 cloglog  1000 -0.548 -0.524    3.8 0.1320 0.1545 0.1560  0.022 0.2985
24:     D3 cloglog  2000 -0.548 -0.537    2.5 0.3420 0.3835 0.3855  0.041 0.6365
25:     D3  loglog   200 -0.179 -0.180   -0.1 0.0570 0.0660 0.0665  0.009 0.1485
26:     D3  loglog   500 -0.179 -0.184   -0.9 0.1190 0.1280 0.1300  0.009 0.2920
27:     D3  loglog  1000 -0.179 -0.181   -0.4 0.1985 0.2085 0.2105  0.010 0.5510
28:     D3  loglog  2000 -0.179 -0.187   -3.0 0.4850 0.4975 0.4965  0.013 0.8255
29:     D3  probit   200 -0.069 -0.074   -0.3 0.0440 0.0435 0.0430 -0.001 0.0235
30:     D3  probit   500 -0.069 -0.069    0.0 0.0575 0.0605 0.0605  0.003 0.0215
31:     D3  probit  1000 -0.069 -0.076   -1.3 0.0455 0.0485 0.0490  0.003 0.0400
32:     D3  probit  2000 -0.069 -0.072   -0.6 0.0535 0.0575 0.0580  0.004 0.0375
33:     D3    quad   200 -0.076 -0.072    0.5 0.0495 0.0540 0.0550  0.004 0.0365
34:     D3    quad   500 -0.076 -0.063    3.6 0.0755 0.0795 0.0810  0.004 0.0555
35:     D3    quad  1000 -0.076 -0.061    6.2 0.0870 0.0895 0.0915  0.003 0.1275
36:     D3    quad  2000 -0.076 -0.058   10.8 0.1590 0.1615 0.1610  0.003 0.2700
37:     D3   inter   200 -0.019 -0.023   -0.5 0.0485 0.0530 0.0515  0.004 0.0690
38:     D3   inter   500 -0.019 -0.004    3.6 0.0745 0.0740 0.0750 -0.001 0.0735
39:     D3   inter  1000 -0.019 -0.005    5.1 0.0740 0.0740 0.0740  0.000 0.1340
40:     D3   inter  2000 -0.019 -0.006    6.9 0.1425 0.1420 0.1390 -0.001 0.1875
41:     D4 cloglog   200 -1.589 -1.916   -2.9 0.0615 0.0670 0.0120  0.006 0.1350
42:     D4 cloglog   500 -1.589 -1.663   -1.3 0.1570 0.2155 0.0680  0.058 0.3590
43:     D4 cloglog  1000 -1.589 -1.609   -0.6 0.3930 0.4870 0.2795  0.094 0.7505
44:     D4 cloglog  2000 -1.589 -1.675   -3.8 0.8365 0.9125 0.7980  0.076 0.9915
45:     D4  loglog   200  0.778 -0.054   -4.3 0.1195 0.0730 0.0325 -0.046 0.1470
46:     D4  loglog   500  0.778  0.763   -0.1 0.2890 0.2535 0.1670 -0.035 0.3890
47:     D4  loglog  1000  0.778  0.824    0.6 0.5265 0.5070 0.4095 -0.019 0.7995
48:     D4  loglog  2000  0.778  0.800    0.4 0.9140 0.9220 0.8925  0.008 0.9975
49:     D4  probit   200 -3.845 -4.003   -1.6 0.0175 0.0205 0.0005  0.003 0.0095
50:     D4  probit   500 -3.845 -3.773    1.0 0.0145 0.0265 0.0005  0.012 0.0085
51:     D4  probit  1000 -3.845 -3.840    0.1 0.0090 0.0380 0.0020  0.029 0.0205
52:     D4  probit  2000 -3.845 -3.824    0.6 0.0190 0.0705 0.0145  0.051 0.0905
53:     D4    quad   200 -0.481 -0.520   -0.9 0.0465 0.0690 0.0830  0.023 0.1220
54:     D4    quad   500 -0.481 -0.486   -0.2 0.1260 0.1525 0.1620  0.026 0.2825
55:     D4    quad  1000 -0.481 -0.494   -0.9 0.2430 0.2530 0.2595  0.010 0.5020
56:     D4    quad  2000 -0.481 -0.453    2.6 0.5770 0.5960 0.5975  0.019 0.8455
57:     D4   inter   200  0.092  0.121    0.3 0.0700 0.0460 0.0405 -0.024 0.0655
58:     D4   inter   500  0.092  0.215    2.3 0.0750 0.0535 0.0500 -0.021 0.0605
59:     D4   inter  1000  0.092  0.161    2.0 0.0530 0.0455 0.0450 -0.007 0.0665
60:     D4   inter  2000  0.092  0.186    4.1 0.0630 0.0490 0.0490 -0.014 0.0540
    design   truth     n      A  meanC gap_se     HL     EF    EFx   gain    Stk

sign agreement of mean(C) and A where |A| > 2 MCSE: 53 of 54 
